"X"	"Team"	"Game"	"Date"	"Home"	"Opponent"	"WINorLOSS"	"TeamPoints"	"OpponentPoints"	"FieldGoals"	"FieldGoalsAttempted"	"FieldGoals."	"X3PointShots"	"X3PointShotsAttempted"	"X3PointShots."	"FreeThrows"	"FreeThrowsAttempted"	"FreeThrows."	"OffRebounds"	"TotalRebounds"	"Assists"	"Steals"	"Blocks"	"Turnovers"	"TotalFouls"	"Opp.FieldGoals"	"Opp.FieldGoalsAttempted"	"Opp.FieldGoals."	"Opp.3PointShots"	"Opp.3PointShotsAttempted"	"Opp.3PointShots."	"Opp.FreeThrows"	"Opp.FreeThrowsAttempted"	"Opp.FreeThrows."	"Opp.OffRebounds"	"Opp.TotalRebounds"	"Opp.Assists"	"Opp.Steals"	"Opp.Blocks"	"Opp.Turnovers"	"Opp.TotalFouls"	"Season"	"Win"
"1"	1	"ATL"	1	"2014-10-29"	"Away"	"TOR"	"L"	102	109	40	80	0.5	13	22	0.591	9	17	0.529	10	42	26	6	8	17	24	37	90	0.411	8	26	0.308	27	33	0.818	16	48	26	13	9	9	22	"2014"	0
"32"	32	"ATL"	32	"2015-01-02"	"Away"	"UTA"	"W"	98	92	33	81	0.407	6	23	0.261	26	30	0.867	11	47	24	9	3	10	17	32	86	0.372	10	31	0.323	18	24	0.75	17	47	18	6	9	14	18	"2015"	1
"83"	110	"BOS"	1	"2014-10-29"	"Home"	"BRK"	"W"	121	105	49	88	0.557	8	22	0.364	15	23	0.652	9	35	28	11	5	12	25	39	80	0.488	7	19	0.368	20	26	0.769	9	39	20	6	7	20	21	"2014"	1
"112"	301	"BOS"	30	"2015-01-02"	"Home"	"DAL"	"L"	101	119	38	89	0.427	12	34	0.353	13	19	0.684	9	38	22	6	2	12	21	45	96	0.469	13	27	0.481	16	17	0.941	16	52	24	8	1	11	21	"2015"	0
"165"	112	"BRK"	1	"2014-10-29"	"Away"	"BOS"	"L"	105	121	39	80	0.488	7	19	0.368	20	26	0.769	9	39	20	6	7	20	21	49	88	0.557	8	22	0.364	15	23	0.652	9	35	28	11	5	12	25	"2014"	0
"196"	322	"BRK"	32	"2015-01-02"	"Away"	"ORL"	"W"	100	98	41	72	0.569	7	20	0.35	11	18	0.611	4	45	26	7	5	22	16	37	88	0.42	11	22	0.5	13	20	0.65	8	37	22	13	3	11	18	"2015"	1
"247"	114	"CHO"	1	"2014-10-29"	"Home"	"MIL"	"W"	108	106	41	101	0.406	6	21	0.286	20	29	0.69	15	50	27	8	9	10	20	39	80	0.488	7	14	0.5	21	24	0.875	3	35	25	9	10	14	25	"2014"	1
"280"	343	"CHO"	34	"2015-01-02"	"Home"	"CLE"	"L"	87	91	32	87	0.368	6	28	0.214	17	26	0.654	15	50	20	5	6	14	24	33	87	0.379	4	15	0.267	21	30	0.7	13	46	16	8	5	7	23	"2015"	0
"329"	116	"CHI"	1	"2014-10-29"	"Away"	"NYK"	"W"	104	80	36	71	0.507	7	24	0.292	25	30	0.833	10	47	21	9	4	15	18	31	85	0.365	3	17	0.176	15	17	0.882	14	38	19	9	5	11	22	"2014"	1
"361"	334	"CHI"	33	"2015-01-01"	"Home"	"DEN"	"W"	106	101	38	91	0.418	8	15	0.533	22	25	0.88	13	46	22	7	18	7	19	37	92	0.402	5	14	0.357	22	27	0.815	17	57	19	4	7	12	27	"2015"	1
"411"	118	"CLE"	1	"2014-10-30"	"Home"	"NYK"	"L"	90	95	32	70	0.457	9	24	0.375	17	20	0.85	11	33	22	5	2	19	15	37	69	0.536	6	12	0.5	15	18	0.833	9	35	30	9	1	15	26	"2014"	0
"443"	335	"CLE"	33	"2015-01-02"	"Away"	"CHO"	"W"	91	87	33	87	0.379	4	15	0.267	21	30	0.7	13	46	16	8	5	7	23	32	87	0.368	6	28	0.214	17	26	0.654	15	50	20	5	6	14	24	"2015"	1
"493"	120	"DAL"	1	"2014-10-28"	"Away"	"SAS"	"L"	100	101	38	78	0.487	8	21	0.381	16	19	0.842	9	33	17	9	3	10	20	37	70	0.529	14	28	0.5	13	16	0.813	9	38	23	5	3	20	20	"2014"	0
"526"	346	"DAL"	34	"2015-01-02"	"Away"	"BOS"	"W"	119	101	45	96	0.469	13	27	0.481	16	17	0.941	16	52	24	8	1	11	21	38	89	0.427	12	34	0.353	13	19	0.684	9	38	22	6	2	12	21	"2015"	1
"575"	127	"DEN"	1	"2014-10-29"	"Home"	"DET"	"W"	89	79	30	85	0.353	6	24	0.25	23	31	0.742	14	51	17	7	4	15	21	31	84	0.369	6	26	0.231	11	19	0.579	8	45	15	4	5	15	27	"2014"	1
"607"	337	"DEN"	33	"2015-01-01"	"Away"	"CHI"	"L"	101	106	37	92	0.402	5	14	0.357	22	27	0.815	17	57	19	4	7	12	27	38	91	0.418	8	15	0.533	22	25	0.88	13	46	22	7	18	7	19	"2015"	0
"657"	129	"DET"	1	"2014-10-29"	"Away"	"DEN"	"L"	79	89	31	84	0.369	6	26	0.231	11	19	0.579	8	45	15	4	5	15	27	30	85	0.353	6	24	0.25	23	31	0.742	14	51	17	7	4	15	21	"2014"	0
"688"	3210	"DET"	32	"2015-01-02"	"Away"	"NYK"	"W"	97	81	38	76	0.5	13	33	0.394	8	14	0.571	9	49	24	10	3	16	16	32	91	0.352	10	24	0.417	7	14	0.5	17	47	18	13	4	11	15	"2015"	1
"739"	130	"GSW"	1	"2014-10-29"	"Away"	"SAC"	"W"	95	77	33	75	0.44	6	27	0.222	23	32	0.719	7	44	21	12	8	22	32	24	78	0.308	3	18	0.167	26	35	0.743	15	50	13	11	3	26	26	"2014"	1
"769"	3113	"GSW"	31	"2015-01-02"	"Home"	"TOR"	"W"	126	105	49	92	0.533	12	28	0.429	16	20	0.8	14	45	35	8	8	9	18	40	86	0.465	10	25	0.4	15	20	0.75	11	37	23	7	1	15	16	"2015"	1
"821"	140	"HOU"	1	"2014-10-28"	"Away"	"LAL"	"W"	108	90	31	73	0.425	12	29	0.414	34	50	0.68	14	47	22	7	3	13	30	28	79	0.354	3	10	0.3	31	39	0.795	11	36	16	7	3	11	32	"2014"	1
"852"	3212	"HOU"	32	"2015-01-02"	"Away"	"NOP"	"L"	83	111	35	88	0.398	6	29	0.207	7	11	0.636	13	38	22	13	3	19	22	44	83	0.53	7	15	0.467	16	20	0.8	12	49	24	12	8	18	13	"2015"	0
"903"	150	"IND"	1	"2014-10-29"	"Home"	"PHI"	"W"	103	91	38	81	0.469	8	25	0.32	19	28	0.679	14	50	22	5	13	17	24	34	89	0.382	6	21	0.286	17	30	0.567	15	42	17	10	5	11	29	"2014"	1
"936"	3411	"IND"	34	"2015-01-02"	"Away"	"MIL"	"W"	94	91	35	81	0.432	8	20	0.4	16	20	0.8	10	45	24	7	3	15	12	38	89	0.427	7	24	0.292	8	10	0.8	10	43	28	10	7	12	18	"2015"	1
"985"	160	"LAC"	1	"2014-10-30"	"Home"	"OKC"	"W"	93	90	34	87	0.391	7	30	0.233	18	25	0.72	14	33	17	10	4	11	27	28	65	0.431	6	21	0.286	28	34	0.824	8	47	23	5	2	22	27	"2014"	1
"1018"	3412	"LAC"	34	"2015-01-03"	"Home"	"PHI"	"W"	127	91	46	85	0.541	15	37	0.405	20	26	0.769	9	43	33	13	3	8	19	32	79	0.405	9	25	0.36	18	26	0.692	15	45	17	7	1	21	19	"2015"	1
"1067"	170	"LAL"	1	"2014-10-28"	"Home"	"HOU"	"L"	90	108	28	79	0.354	3	10	0.3	31	39	0.795	11	36	16	7	3	11	32	31	73	0.425	12	29	0.414	34	50	0.68	14	47	22	7	3	13	30	"2014"	0
"1099"	3313	"LAL"	33	"2015-01-02"	"Home"	"MEM"	"L"	106	109	43	81	0.531	6	19	0.316	14	19	0.737	5	38	24	10	8	13	28	41	84	0.488	6	14	0.429	21	31	0.677	13	46	27	7	4	12	15	"2015"	0
"1149"	180	"MEM"	1	"2014-10-29"	"Home"	"MIN"	"W"	105	101	43	82	0.524	4	15	0.267	15	20	0.75	10	33	21	10	5	17	21	39	86	0.453	6	12	0.5	17	23	0.739	19	47	20	8	4	23	21	"2014"	1
"1180"	3216	"MEM"	32	"2015-01-02"	"Away"	"LAL"	"W"	109	106	41	84	0.488	6	14	0.429	21	31	0.677	13	46	27	7	4	12	15	43	81	0.531	6	19	0.316	14	19	0.737	5	38	24	10	8	13	28	"2015"	1
"1231"	190	"MIA"	1	"2014-10-29"	"Home"	"WAS"	"W"	107	95	39	81	0.481	9	28	0.321	20	23	0.87	12	44	20	9	3	14	17	36	75	0.48	6	19	0.316	17	24	0.708	7	36	20	7	2	14	20	"2014"	1
"1264"	3415	"MIA"	34	"2015-01-03"	"Away"	"HOU"	"L"	79	115	30	68	0.441	4	17	0.235	15	25	0.6	8	33	20	6	3	21	18	41	83	0.494	13	31	0.419	20	28	0.714	17	48	21	13	1	16	18	"2015"	0
"1313"	1100	"MIL"	1	"2014-10-29"	"Away"	"CHO"	"L"	106	108	39	80	0.488	7	14	0.5	21	24	0.875	3	35	25	9	10	14	25	41	101	0.406	6	21	0.286	20	29	0.69	15	50	27	8	9	10	20	"2014"	0
"1346"	3416	"MIL"	34	"2015-01-02"	"Home"	"IND"	"L"	91	94	38	89	0.427	7	24	0.292	8	10	0.8	10	43	28	10	7	12	18	35	81	0.432	8	20	0.4	16	20	0.8	10	45	24	7	3	15	12	"2015"	0
"1395"	1101	"MIN"	1	"2014-10-29"	"Away"	"MEM"	"L"	101	105	39	86	0.453	6	12	0.5	17	23	0.739	19	47	20	8	4	23	21	43	82	0.524	4	15	0.267	15	20	0.75	10	33	21	10	5	17	21	"2014"	0
"1425"	3121	"MIN"	31	"2015-01-01"	"Home"	"SAC"	"L"	107	110	42	91	0.462	7	24	0.292	16	22	0.727	15	38	22	12	6	14	24	40	74	0.541	5	12	0.417	25	29	0.862	10	42	23	7	7	20	26	"2015"	0
"1477"	1102	"NOP"	1	"2014-10-28"	"Home"	"ORL"	"W"	101	84	41	101	0.406	4	17	0.235	15	31	0.484	26	62	20	10	17	9	17	32	84	0.381	4	11	0.364	16	21	0.762	16	56	17	5	9	18	25	"2014"	1
"1509"	3318	"NOP"	33	"2015-01-02"	"Home"	"HOU"	"W"	111	83	44	83	0.53	7	15	0.467	16	20	0.8	12	49	24	12	8	18	13	35	88	0.398	6	29	0.207	7	11	0.636	13	38	22	13	3	19	22	"2015"	1
"1559"	1103	"NYK"	1	"2014-10-29"	"Home"	"CHI"	"L"	80	104	31	85	0.365	3	17	0.176	15	17	0.882	14	38	19	9	5	11	22	36	71	0.507	7	24	0.292	25	30	0.833	10	47	21	9	4	15	18	"2014"	0
"1593"	3519	"NYK"	35	"2015-01-02"	"Home"	"DET"	"L"	81	97	32	91	0.352	10	24	0.417	7	14	0.5	17	47	18	13	4	11	15	38	76	0.5	13	33	0.394	8	14	0.571	9	49	24	10	3	16	16	"2015"	0
"1641"	1104	"OKC"	1	"2014-10-29"	"Away"	"POR"	"L"	89	106	33	81	0.407	2	16	0.125	21	26	0.808	14	43	19	9	5	13	28	39	87	0.448	11	29	0.379	17	22	0.773	13	42	23	4	9	10	19	"2014"	0
"1674"	3420	"OKC"	34	"2015-01-02"	"Home"	"WAS"	"W"	109	102	44	83	0.53	8	19	0.421	13	19	0.684	6	38	21	8	4	10	20	39	84	0.464	11	21	0.524	13	15	0.867	8	39	27	3	1	15	19	"2015"	1
"1723"	1105	"ORL"	1	"2014-10-28"	"Away"	"NOP"	"L"	84	101	32	84	0.381	4	11	0.364	16	21	0.762	16	56	17	5	9	18	25	41	101	0.406	4	17	0.235	15	31	0.484	26	62	20	10	17	9	17	"2014"	0
"1758"	3621	"ORL"	36	"2015-01-02"	"Home"	"BRK"	"L"	98	100	37	88	0.42	11	22	0.5	13	20	0.65	8	37	22	13	3	11	18	41	72	0.569	7	20	0.35	11	18	0.611	4	45	26	7	5	22	16	"2015"	0
"1805"	1106	"PHI"	1	"2014-10-29"	"Away"	"IND"	"L"	91	103	34	89	0.382	6	21	0.286	17	30	0.567	15	42	17	10	5	11	29	38	81	0.469	8	25	0.32	19	28	0.679	14	50	22	5	13	17	24	"2014"	0
"1835"	3126	"PHI"	31	"2015-01-02"	"Away"	"PHO"	"L"	96	112	37	87	0.425	7	26	0.269	15	25	0.6	16	41	20	12	7	16	15	42	84	0.5	14	32	0.438	14	16	0.875	13	48	24	9	12	19	24	"2015"	0
"1887"	1107	"PHO"	1	"2014-10-29"	"Home"	"LAL"	"W"	119	99	45	82	0.549	16	32	0.5	13	18	0.722	9	40	23	5	3	14	25	37	86	0.43	4	13	0.308	21	25	0.84	12	38	20	9	3	13	18	"2014"	1
"1921"	3523	"PHO"	35	"2015-01-02"	"Home"	"PHI"	"W"	112	96	42	84	0.5	14	32	0.438	14	16	0.875	13	48	24	9	12	19	24	37	87	0.425	7	26	0.269	15	25	0.6	16	41	20	12	7	16	15	"2015"	1
"1969"	1108	"POR"	1	"2014-10-29"	"Home"	"OKC"	"W"	106	89	39	87	0.448	11	29	0.379	17	22	0.773	13	42	23	4	9	10	19	33	81	0.407	2	16	0.125	21	26	0.808	14	43	19	9	5	13	28	"2014"	1
"2002"	3424	"POR"	34	"2015-01-03"	"Home"	"ATL"	"L"	107	115	42	93	0.452	13	33	0.394	10	12	0.833	11	44	24	6	7	18	23	43	84	0.512	6	17	0.353	23	31	0.742	10	46	17	9	5	14	15	"2015"	0
"2051"	1109	"SAC"	1	"2014-10-29"	"Home"	"GSW"	"L"	77	95	24	78	0.308	3	18	0.167	26	35	0.743	15	50	13	11	3	26	26	33	75	0.44	6	27	0.222	23	32	0.719	7	44	21	12	8	22	32	"2014"	0
"2083"	3325	"SAC"	33	"2015-01-01"	"Away"	"MIN"	"W"	110	107	40	74	0.541	5	12	0.417	25	29	0.862	10	42	23	7	7	20	26	42	91	0.462	7	24	0.292	16	22	0.727	15	38	22	12	6	14	24	"2015"	1
"2133"	1130	"SAS"	1	"2014-10-28"	"Home"	"DAL"	"W"	101	100	37	70	0.529	14	28	0.5	13	16	0.813	9	38	23	5	3	20	20	38	78	0.487	8	21	0.381	16	19	0.842	9	33	17	9	3	10	20	"2014"	1
"2167"	3526	"SAS"	35	"2015-01-03"	"Home"	"WAS"	"W"	101	92	43	78	0.551	4	16	0.25	11	18	0.611	9	38	27	4	5	10	16	40	82	0.488	4	14	0.286	8	13	0.615	9	31	23	6	6	6	18	"2015"	1
"2215"	1132	"TOR"	1	"2014-10-29"	"Home"	"ATL"	"W"	109	102	37	90	0.411	8	26	0.308	27	33	0.818	16	48	26	13	9	9	22	40	80	0.5	13	22	0.591	9	17	0.529	10	42	26	6	8	17	24	"2014"	1
"2247"	3327	"TOR"	33	"2015-01-02"	"Away"	"GSW"	"L"	105	126	40	86	0.465	10	25	0.4	15	20	0.75	11	37	23	7	1	15	16	49	92	0.533	12	28	0.429	16	20	0.8	14	45	35	8	8	9	18	"2015"	0
"2297"	1134	"UTA"	1	"2014-10-29"	"Home"	"HOU"	"L"	93	104	38	81	0.469	3	18	0.167	14	17	0.824	13	34	16	8	6	13	16	40	77	0.519	14	27	0.519	10	14	0.714	8	35	18	7	6	18	23	"2014"	0
"2329"	3328	"UTA"	33	"2015-01-02"	"Home"	"ATL"	"L"	92	98	32	86	0.372	10	31	0.323	18	24	0.75	17	47	18	6	9	14	18	33	81	0.407	6	23	0.261	26	30	0.867	11	47	24	9	3	10	17	"2015"	0
"2379"	1136	"WAS"	1	"2014-10-29"	"Away"	"MIA"	"L"	95	107	36	75	0.48	6	19	0.316	17	24	0.708	7	36	20	7	2	14	20	39	81	0.481	9	28	0.321	20	23	0.87	12	44	20	9	3	14	17	"2014"	0
"2410"	3231	"WAS"	32	"2015-01-02"	"Away"	"OKC"	"L"	102	109	39	84	0.464	11	21	0.524	13	15	0.867	8	39	27	3	1	15	19	44	83	0.53	8	19	0.421	13	19	0.684	6	38	21	8	4	10	20	"2015"	0
"2495"	3530	"ATL"	35	"2016-01-03"	"Away"	"NYK"	"L"	97	111	37	84	0.44	8	26	0.308	15	20	0.75	8	32	26	11	5	15	14	44	88	0.5	11	26	0.423	12	14	0.857	12	46	27	8	7	16	19	"2016"	0
"2575"	3331	"BOS"	33	"2016-01-02"	"Home"	"BRK"	"L"	97	100	34	88	0.386	7	32	0.219	22	28	0.786	16	51	17	8	4	14	24	38	93	0.409	3	18	0.167	21	22	0.955	14	50	23	5	2	14	21	"2016"	0
"2657"	3332	"BRK"	33	"2016-01-02"	"Away"	"BOS"	"W"	100	97	38	93	0.409	3	18	0.167	21	22	0.955	14	50	23	5	2	14	21	34	88	0.386	7	32	0.219	22	28	0.786	16	51	17	8	4	14	24	"2016"	1
"2738"	3235	"CHO"	32	"2016-01-01"	"Away"	"TOR"	"L"	94	104	34	85	0.4	10	32	0.313	16	18	0.889	14	43	15	7	7	10	16	36	91	0.396	15	33	0.455	17	18	0.944	20	54	21	6	4	13	19	"2016"	0
"2819"	3147	"CHI"	31	"2016-01-01"	"Home"	"NYK"	"W"	108	81	39	85	0.459	10	16	0.625	20	25	0.8	14	54	27	4	9	7	19	31	84	0.369	6	19	0.316	13	17	0.765	11	42	16	3	7	11	25	"2016"	1
"2901"	3149	"CLE"	31	"2016-01-02"	"Home"	"ORL"	"W"	104	79	34	82	0.415	12	37	0.324	24	39	0.615	12	53	24	6	1	4	17	29	76	0.382	6	25	0.24	15	17	0.882	5	45	16	1	2	14	29	"2016"	1
"2985"	3336	"DAL"	33	"2016-01-01"	"Away"	"MIA"	"L"	82	106	32	88	0.364	7	31	0.226	11	14	0.786	13	40	22	6	3	9	11	46	82	0.561	8	18	0.444	6	9	0.667	8	50	24	4	1	12	16	"2016"	0
"3068"	3437	"DEN"	34	"2016-01-02"	"Away"	"GSW"	"L"	108	111	44	105	0.419	5	30	0.167	15	23	0.652	24	52	27	7	0	13	23	43	86	0.5	10	28	0.357	15	23	0.652	9	47	34	9	5	13	22	"2016"	0
"3150"	3438	"DET"	34	"2016-01-02"	"Away"	"IND"	"L"	82	94	33	93	0.355	3	20	0.15	13	23	0.565	12	48	17	5	2	10	18	33	73	0.452	7	18	0.389	21	29	0.724	6	47	11	7	9	13	22	"2016"	0
"3231"	3339	"GSW"	33	"2016-01-02"	"Home"	"DEN"	"W"	111	108	43	86	0.5	10	28	0.357	15	23	0.652	9	47	34	9	5	13	22	44	105	0.419	5	30	0.167	15	23	0.652	24	52	27	7	0	13	23	"2016"	1
"3315"	3540	"HOU"	35	"2016-01-02"	"Away"	"SAS"	"L"	103	121	37	74	0.5	9	22	0.409	20	33	0.606	8	37	26	7	4	15	20	45	86	0.523	13	24	0.542	18	19	0.947	8	39	31	9	2	11	22	"2016"	0
"3395"	3341	"IND"	33	"2016-01-02"	"Home"	"DET"	"W"	94	82	33	73	0.452	7	18	0.389	21	29	0.724	6	47	11	7	9	13	22	33	93	0.355	3	20	0.15	13	23	0.565	12	48	17	5	2	10	18	"2016"	1
"3479"	3542	"LAC"	35	"2016-01-02"	"Home"	"PHI"	"W"	130	99	49	81	0.605	12	23	0.522	20	25	0.8	6	47	28	7	6	14	17	41	89	0.461	9	23	0.391	8	17	0.471	9	33	30	8	4	12	21	"2016"	1
"3560"	3443	"LAL"	34	"2016-01-01"	"Home"	"PHI"	"W"	93	84	33	87	0.379	5	16	0.313	22	29	0.759	13	50	17	11	6	10	17	31	84	0.369	4	24	0.167	18	25	0.72	13	50	21	6	10	16	21	"2016"	1
"3643"	3544	"MEM"	35	"2016-01-02"	"Away"	"UTA"	"L"	87	92	33	81	0.407	7	18	0.389	14	26	0.538	8	40	17	8	4	11	24	31	75	0.413	9	27	0.333	21	28	0.75	9	48	17	4	7	16	24	"2016"	0
"3722"	3247	"MIA"	32	"2016-01-01"	"Home"	"DAL"	"W"	106	82	46	82	0.561	8	18	0.444	6	9	0.667	8	50	24	4	1	12	16	32	88	0.364	7	31	0.226	11	14	0.786	13	40	22	6	3	9	11	"2016"	1
"3807"	3546	"MIL"	35	"2016-01-02"	"Away"	"MIN"	"W"	95	85	32	75	0.427	8	16	0.5	23	28	0.821	11	48	20	7	5	13	18	33	84	0.393	3	14	0.214	16	24	0.667	16	47	19	10	6	16	18	"2016"	1
"3888"	3447	"MIN"	34	"2016-01-02"	"Home"	"MIL"	"L"	85	95	33	84	0.393	3	14	0.214	16	24	0.667	16	47	19	10	6	16	18	32	75	0.427	8	16	0.5	23	28	0.821	11	48	20	7	5	13	18	"2016"	0
"3969"	3348	"NOP"	33	"2016-01-02"	"Away"	"DAL"	"W"	105	98	40	83	0.482	6	20	0.3	19	24	0.792	9	53	19	8	2	19	19	36	83	0.434	10	26	0.385	16	19	0.842	3	33	20	10	2	13	17	"2016"	1
"4052"	3449	"NYK"	34	"2016-01-01"	"Away"	"CHI"	"L"	81	108	31	84	0.369	6	19	0.316	13	17	0.765	11	42	16	3	7	11	25	39	85	0.459	10	16	0.625	20	25	0.8	14	54	27	4	9	7	19	"2016"	0
"4134"	3450	"OKC"	34	"2016-01-02"	"Away"	"CHO"	"W"	109	90	35	79	0.443	9	23	0.391	30	37	0.811	10	53	20	2	15	12	27	29	84	0.345	6	22	0.273	26	34	0.765	7	34	18	7	7	4	27	"2016"	1
"4215"	3351	"ORL"	33	"2016-01-01"	"Away"	"WAS"	"L"	91	103	40	85	0.471	5	20	0.25	6	8	0.75	7	39	29	6	4	15	13	43	92	0.467	8	26	0.308	9	10	0.9	12	46	25	11	5	9	11	"2016"	0
"4299"	3552	"PHI"	35	"2016-01-01"	"Away"	"LAL"	"L"	84	93	31	84	0.369	4	24	0.167	18	25	0.72	13	50	21	6	10	16	21	33	87	0.379	5	16	0.313	22	29	0.759	13	50	17	11	6	10	17	"2016"	0
"4382"	3653	"PHO"	36	"2016-01-02"	"Away"	"SAC"	"L"	119	142	43	83	0.518	10	29	0.345	23	28	0.821	4	25	27	9	7	16	28	53	87	0.609	9	23	0.391	27	34	0.794	10	46	30	9	2	14	23	"2016"	0
"4464"	3654	"POR"	36	"2016-01-03"	"Away"	"DEN"	"W"	112	106	40	78	0.513	10	23	0.435	22	32	0.688	7	41	23	4	3	10	34	34	80	0.425	7	22	0.318	31	48	0.646	15	41	20	7	6	8	25	"2016"	1
"4543"	3355	"SAC"	33	"2016-01-02"	"Home"	"PHO"	"W"	142	119	53	87	0.609	9	23	0.391	27	34	0.794	10	46	30	9	2	14	23	43	83	0.518	10	29	0.345	23	28	0.821	4	25	27	9	7	16	28	"2016"	1
"4627"	3556	"SAS"	35	"2016-01-02"	"Home"	"HOU"	"W"	121	103	45	86	0.523	13	24	0.542	18	19	0.947	8	39	31	9	2	11	22	37	74	0.5	9	22	0.409	20	33	0.606	8	37	26	7	4	15	20	"2016"	1
"4708"	3457	"TOR"	34	"2016-01-01"	"Home"	"CHO"	"W"	104	94	36	91	0.396	15	33	0.455	17	18	0.944	20	54	21	6	4	13	19	34	85	0.4	10	32	0.313	16	18	0.889	14	43	15	7	7	10	16	"2016"	1
"4788"	3260	"UTA"	32	"2016-01-02"	"Home"	"MEM"	"W"	92	87	31	75	0.413	9	27	0.333	21	28	0.75	9	48	17	4	7	16	24	33	81	0.407	7	18	0.389	14	26	0.538	8	40	17	8	4	11	24	"2016"	1
"4869"	3197	"WAS"	31	"2016-01-01"	"Home"	"ORL"	"W"	103	91	43	92	0.467	8	26	0.308	9	10	0.9	12	46	25	11	5	9	11	40	85	0.471	5	20	0.25	6	8	0.75	7	39	29	6	4	15	13	"2016"	1
"4954"	3460	"ATL"	34	"2017-01-01"	"Home"	"SAS"	"W"	114	112	42	92	0.457	14	28	0.5	16	27	0.593	11	46	25	6	6	11	21	42	90	0.467	9	27	0.333	19	22	0.864	9	47	27	5	6	12	21	"2017"	1
"5037"	3561	"BOS"	35	"2017-01-03"	"Home"	"UTA"	"W"	115	104	41	74	0.554	17	31	0.548	16	17	0.941	4	32	31	5	6	13	22	38	82	0.463	11	26	0.423	17	21	0.81	8	35	27	7	3	10	17	"2017"	1
"5117"	3362	"BRK"	33	"2017-01-02"	"Home"	"UTA"	"L"	89	101	33	78	0.423	6	27	0.222	17	23	0.739	8	44	13	5	5	15	20	39	93	0.419	7	24	0.292	16	20	0.8	12	46	11	9	5	9	19	"2017"	0
"5201"	3563	"CHO"	35	"2017-01-02"	"Away"	"CHI"	"L"	111	118	41	83	0.494	9	19	0.474	20	22	0.909	7	34	24	7	3	14	19	42	90	0.467	7	23	0.304	27	29	0.931	15	45	23	10	9	10	17	"2017"	0
"5283"	3564	"CHI"	35	"2017-01-02"	"Home"	"CHO"	"W"	118	111	42	90	0.467	7	23	0.304	27	29	0.931	15	45	23	10	9	10	17	41	83	0.494	9	19	0.474	20	22	0.909	7	34	24	7	3	14	19	"2017"	1
"5363"	3365	"CLE"	33	"2017-01-02"	"Home"	"NOP"	"W"	90	82	34	90	0.378	6	31	0.194	16	22	0.727	11	56	16	9	4	11	13	32	88	0.364	11	26	0.423	7	10	0.7	8	45	26	6	6	13	18	"2017"	1
"5447"	3566	"DAL"	35	"2017-01-03"	"Home"	"WAS"	"W"	113	105	37	78	0.474	17	32	0.531	22	24	0.917	2	42	20	4	3	12	21	41	92	0.446	11	30	0.367	12	14	0.857	5	38	27	6	7	9	19	"2017"	1
"5528"	3467	"DEN"	34	"2017-01-02"	"Away"	"GSW"	"L"	119	127	48	101	0.475	9	35	0.257	14	18	0.778	16	48	33	10	2	14	21	50	95	0.526	11	25	0.44	16	21	0.762	12	43	33	7	2	13	14	"2017"	0
"5612"	3668	"DET"	36	"2017-01-01"	"Away"	"MIA"	"W"	107	98	42	86	0.488	9	22	0.409	14	22	0.636	10	48	16	7	5	12	18	35	77	0.455	14	26	0.538	14	18	0.778	3	34	25	6	4	10	22	"2017"	1
"5693"	3569	"GSW"	35	"2017-01-02"	"Home"	"DEN"	"W"	127	119	50	95	0.526	11	25	0.44	16	21	0.762	12	43	33	7	2	13	14	48	101	0.475	9	35	0.257	14	18	0.778	16	48	33	10	2	14	21	"2017"	1
"5776"	3670	"HOU"	36	"2017-01-02"	"Home"	"WAS"	"W"	101	91	37	86	0.43	12	39	0.308	15	21	0.714	7	41	25	9	9	13	12	38	87	0.437	6	26	0.231	9	12	0.75	7	45	23	9	2	17	21	"2017"	1
"5857"	3571	"IND"	35	"2017-01-01"	"Home"	"ORL"	"W"	117	104	43	86	0.5	9	22	0.409	22	24	0.917	8	46	28	5	5	11	16	42	97	0.433	10	38	0.263	10	11	0.909	10	42	25	6	7	10	22	"2017"	1
"5941"	3772	"LAC"	37	"2017-01-02"	"Home"	"PHO"	"W"	109	98	37	80	0.463	7	16	0.438	28	38	0.737	12	51	17	1	11	19	21	39	102	0.382	2	15	0.133	18	22	0.818	19	48	22	11	4	12	29	"2017"	1
"6023"	3773	"LAL"	37	"2017-01-01"	"Home"	"TOR"	"L"	114	123	37	92	0.402	15	32	0.469	25	31	0.806	16	43	19	8	3	7	21	42	75	0.56	10	17	0.588	29	32	0.906	5	40	18	5	9	16	25	"2017"	0
"6105"	3774	"MEM"	37	"2017-01-03"	"Away"	"LAL"	"L"	102	116	30	77	0.39	10	31	0.323	32	35	0.914	5	39	18	6	1	10	16	42	82	0.512	17	33	0.515	15	28	0.536	9	43	34	5	2	9	23	"2017"	0
"6185"	3575	"MIA"	35	"2017-01-01"	"Home"	"DET"	"L"	98	107	35	77	0.455	14	26	0.538	14	18	0.778	3	34	25	6	4	10	22	42	86	0.488	9	22	0.409	14	22	0.636	10	48	16	7	5	12	18	"2017"	0
"6265"	3376	"MIL"	33	"2017-01-02"	"Home"	"OKC"	"W"	98	94	38	79	0.481	7	19	0.368	15	24	0.625	7	39	21	4	4	10	17	36	78	0.462	9	27	0.333	13	19	0.684	8	40	20	7	5	10	20	"2017"	1
"6348"	3477	"MIN"	34	"2017-01-01"	"Home"	"POR"	"L"	89	95	35	87	0.402	7	23	0.304	12	18	0.667	13	47	21	11	5	16	25	36	73	0.493	6	22	0.273	17	28	0.607	4	41	13	10	8	14	19	"2017"	0
"6432"	3678	"NOP"	36	"2017-01-02"	"Away"	"CLE"	"L"	82	90	32	88	0.364	11	26	0.423	7	10	0.7	8	45	26	6	6	13	18	34	90	0.378	6	31	0.194	16	22	0.727	11	56	16	9	4	11	13	"2017"	0
"6512"	3479	"NYK"	34	"2017-01-02"	"Home"	"ORL"	"L"	103	115	39	83	0.47	8	21	0.381	17	24	0.708	16	46	18	7	5	18	17	45	91	0.495	15	31	0.484	10	14	0.714	13	39	35	10	4	12	20	"2017"	0
"6595"	3580	"OKC"	35	"2017-01-02"	"Away"	"MIL"	"L"	94	98	36	78	0.462	9	27	0.333	13	19	0.684	8	40	20	7	5	10	20	38	79	0.481	7	19	0.368	15	24	0.625	7	39	21	4	4	10	17	"2017"	0
"6677"	3581	"ORL"	35	"2017-01-01"	"Away"	"IND"	"L"	104	117	42	97	0.433	10	38	0.263	10	11	0.909	10	42	25	6	7	10	22	43	86	0.5	9	22	0.409	22	24	0.917	8	46	28	5	5	11	16	"2017"	0
"6757"	3382	"PHI"	33	"2017-01-03"	"Home"	"MIN"	"W"	93	91	33	85	0.388	7	32	0.219	20	25	0.8	12	48	19	10	7	16	21	33	82	0.402	7	24	0.292	18	20	0.9	9	47	20	7	6	17	24	"2017"	1
"6841"	3583	"PHO"	35	"2017-01-02"	"Away"	"LAC"	"L"	98	109	39	102	0.382	2	15	0.133	18	22	0.818	19	48	22	11	4	12	29	37	80	0.463	7	16	0.438	28	38	0.737	12	51	17	1	11	19	21	"2017"	0
"6924"	3684	"POR"	36	"2017-01-01"	"Away"	"MIN"	"W"	95	89	36	73	0.493	6	22	0.273	17	28	0.607	4	41	13	10	8	14	19	35	87	0.402	7	23	0.304	12	18	0.667	13	47	21	11	5	16	25	"2017"	1
"7004"	3485	"SAC"	34	"2017-01-03"	"Away"	"DEN"	"W"	120	113	46	88	0.523	11	29	0.379	17	18	0.944	5	33	26	7	2	8	13	41	82	0.5	18	38	0.474	13	13	1	4	32	29	6	4	14	18	"2017"	1
"7086"	3486	"SAS"	34	"2017-01-01"	"Away"	"ATL"	"L"	112	114	42	90	0.467	9	27	0.333	19	22	0.864	9	47	27	5	6	12	21	42	92	0.457	14	28	0.5	16	27	0.593	11	46	25	6	6	11	21	"2017"	0
"7167"	3387	"TOR"	33	"2017-01-01"	"Away"	"LAL"	"W"	123	114	42	75	0.56	10	17	0.588	29	32	0.906	5	40	18	5	9	16	25	37	92	0.402	15	32	0.469	25	31	0.806	16	43	19	8	3	7	21	"2017"	1
"7251"	3588	"UTA"	35	"2017-01-02"	"Away"	"BRK"	"W"	101	89	39	93	0.419	7	24	0.292	16	20	0.8	12	46	11	9	5	9	19	33	78	0.423	6	27	0.222	17	23	0.739	8	44	13	5	5	15	20	"2017"	1
"7331"	3389	"WAS"	33	"2017-01-02"	"Away"	"HOU"	"L"	91	101	38	87	0.437	6	26	0.231	9	12	0.75	7	45	23	9	2	17	21	37	86	0.43	12	39	0.308	15	21	0.714	7	41	25	9	9	13	12	"2017"	0
"7417"	3790	"ATL"	37	"2018-01-02"	"Away"	"PHO"	"L"	103	104	36	87	0.414	10	31	0.323	21	25	0.84	17	40	18	11	3	16	22	39	77	0.506	7	22	0.318	19	27	0.704	11	47	24	7	4	21	22	"2018"	0
"7503"	41130	"BOS"	41	"2018-01-03"	"Home"	"CLE"	"W"	102	88	41	92	0.446	12	36	0.333	8	11	0.727	9	52	27	9	2	15	20	31	89	0.348	8	32	0.25	18	18	1	9	48	16	6	7	14	17	"2018"	1
"7581"	3792	"BRK"	37	"2018-01-01"	"Home"	"ORL"	"W"	98	95	36	82	0.439	9	25	0.36	17	23	0.739	10	52	17	7	10	13	22	35	96	0.365	6	31	0.194	19	25	0.76	19	52	16	5	5	12	18	"2018"	1
"7663"	3793	"CHO"	37	"2018-01-02"	"Away"	"SAC"	"W"	131	111	51	89	0.573	15	32	0.469	14	18	0.778	5	30	25	7	3	3	14	45	87	0.517	7	17	0.412	14	18	0.778	16	47	22	1	2	15	19	"2018"	1
"7745"	3794	"CHI"	37	"2018-01-01"	"Home"	"POR"	"L"	120	124	45	104	0.433	11	27	0.407	19	23	0.826	15	58	28	5	7	12	21	47	108	0.435	14	33	0.424	16	18	0.889	12	50	25	7	5	8	16	"2018"	0
"7827"	3795	"CLE"	37	"2018-01-02"	"Home"	"POR"	"W"	127	110	43	83	0.518	13	32	0.406	28	37	0.757	8	40	28	11	4	10	17	42	90	0.467	13	32	0.406	13	19	0.684	13	43	25	5	5	15	29	"2018"	1
"7911"	3996	"DAL"	39	"2018-01-03"	"Home"	"GSW"	"L"	122	125	43	90	0.478	19	43	0.442	17	22	0.773	7	40	29	6	2	12	17	48	91	0.527	13	32	0.406	16	19	0.842	7	46	36	8	7	14	21	"2018"	0
"7991"	3797	"DEN"	37	"2018-01-03"	"Home"	"PHO"	"W"	134	111	51	82	0.622	12	27	0.444	20	22	0.909	8	48	35	8	9	20	16	39	92	0.424	13	35	0.371	20	28	0.714	14	35	26	12	1	12	18	"2018"	1
"8072"	3698	"DET"	36	"2018-01-03"	"Away"	"MIA"	"L"	104	111	41	86	0.477	9	24	0.375	13	16	0.813	5	35	21	4	2	9	14	43	84	0.512	17	34	0.5	8	11	0.727	7	41	29	6	3	12	16	"2018"	0
"8156"	3899	"GSW"	38	"2018-01-03"	"Away"	"DAL"	"W"	125	122	48	91	0.527	13	32	0.406	16	19	0.842	7	46	36	8	7	14	21	43	90	0.478	19	43	0.442	17	22	0.773	7	40	29	6	2	12	17	"2018"	1
"8236"	36100	"HOU"	36	"2018-01-03"	"Away"	"ORL"	"W"	116	98	42	89	0.472	15	34	0.441	17	21	0.81	9	51	25	6	3	15	19	35	91	0.385	6	31	0.194	22	25	0.88	9	48	16	7	3	12	19	"2018"	1
"8320"	38101	"IND"	38	"2018-01-03"	"Away"	"MIL"	"L"	101	122	41	84	0.488	3	15	0.2	16	19	0.842	8	30	24	7	2	14	20	44	75	0.587	9	17	0.529	25	28	0.893	6	34	33	8	5	16	23	"2018"	0
"8400"	36102	"LAC"	36	"2018-01-02"	"Home"	"MEM"	"W"	113	105	39	71	0.549	9	23	0.391	26	31	0.839	4	34	23	5	3	19	24	38	79	0.481	8	26	0.308	21	33	0.636	10	38	18	10	2	14	29	"2018"	1
"8482"	36103	"LAL"	36	"2018-01-01"	"Away"	"MIN"	"L"	96	114	34	76	0.447	8	26	0.308	20	29	0.69	9	37	18	12	4	24	25	40	81	0.494	7	20	0.35	27	30	0.9	7	41	26	14	5	17	24	"2018"	0
"8566"	38104	"MEM"	38	"2018-01-02"	"Away"	"LAC"	"L"	105	113	38	79	0.481	8	26	0.308	21	33	0.636	10	38	18	10	2	14	29	39	71	0.549	9	23	0.391	26	31	0.839	4	34	23	5	3	19	24	"2018"	0
"8647"	37105	"MIA"	37	"2018-01-03"	"Home"	"DET"	"W"	111	104	43	84	0.512	17	34	0.5	8	11	0.727	7	41	29	6	3	12	16	41	86	0.477	9	24	0.375	13	16	0.813	5	35	21	4	2	9	14	"2018"	1
"8727"	35106	"MIL"	35	"2018-01-01"	"Away"	"TOR"	"L"	127	131	44	93	0.473	13	27	0.481	26	28	0.929	10	43	27	9	3	14	23	45	91	0.495	14	33	0.424	27	33	0.818	6	40	25	8	8	12	20	"2018"	0
"8812"	38107	"MIN"	38	"2018-01-01"	"Home"	"LAL"	"W"	114	96	40	81	0.494	7	20	0.35	27	30	0.9	7	41	26	14	5	17	24	34	76	0.447	8	26	0.308	20	29	0.69	9	37	18	12	4	24	25	"2018"	1
"8893"	37108	"NOP"	37	"2018-01-03"	"Away"	"UTA"	"W"	108	98	41	82	0.5	14	30	0.467	12	12	1	7	42	23	8	2	20	18	38	84	0.452	7	32	0.219	15	17	0.882	6	36	23	12	1	14	21	"2018"	1
"8975"	37109	"NYK"	37	"2018-01-02"	"Home"	"SAS"	"L"	91	100	35	87	0.402	7	22	0.318	14	18	0.778	12	50	21	5	7	14	23	31	82	0.378	10	27	0.37	28	34	0.824	14	50	18	11	5	8	17	"2018"	0
"9058"	38110	"OKC"	38	"2018-01-03"	"Away"	"LAL"	"W"	133	96	56	93	0.602	14	30	0.467	7	9	0.778	7	44	36	12	5	9	17	38	92	0.413	11	33	0.333	9	15	0.6	16	45	24	5	4	17	10	"2018"	1
"9140"	38111	"ORL"	38	"2018-01-01"	"Away"	"BRK"	"L"	95	98	35	96	0.365	6	31	0.194	19	25	0.76	19	52	16	5	5	12	18	36	82	0.439	9	25	0.36	17	23	0.739	10	52	17	7	10	13	22	"2018"	0
"9221"	37112	"PHI"	37	"2018-01-03"	"Home"	"SAS"	"W"	112	106	36	80	0.45	7	22	0.318	33	43	0.767	13	45	23	10	5	13	21	39	87	0.448	8	25	0.32	20	23	0.87	12	43	15	4	4	15	25	"2018"	1
"9305"	39113	"PHO"	39	"2018-01-02"	"Home"	"ATL"	"W"	104	103	39	77	0.506	7	22	0.318	19	27	0.704	11	47	24	7	4	21	22	36	87	0.414	10	31	0.323	21	25	0.84	17	40	18	11	3	16	22	"2018"	1
"9384"	36114	"POR"	36	"2018-01-01"	"Away"	"CHI"	"W"	124	120	47	108	0.435	14	33	0.424	16	18	0.889	12	50	25	7	5	8	16	45	104	0.433	11	27	0.407	19	23	0.826	15	58	28	5	7	12	21	"2018"	1
"9467"	37115	"SAC"	37	"2018-01-02"	"Home"	"CHO"	"L"	111	131	45	87	0.517	7	17	0.412	14	18	0.778	16	47	22	1	2	15	19	51	89	0.573	15	32	0.469	14	18	0.778	5	30	25	7	3	3	14	"2018"	0
"9550"	38116	"SAS"	38	"2018-01-02"	"Away"	"NYK"	"W"	100	91	31	82	0.378	10	27	0.37	28	34	0.824	14	50	18	11	5	8	17	35	87	0.402	7	22	0.318	14	18	0.778	12	50	21	5	7	14	23	"2018"	1
"9629"	35117	"TOR"	35	"2018-01-01"	"Home"	"MIL"	"W"	131	127	45	91	0.495	14	33	0.424	27	33	0.818	6	40	25	8	8	12	20	44	93	0.473	13	27	0.481	26	28	0.929	10	43	27	9	3	14	23	"2018"	1
"9714"	38118	"UTA"	38	"2018-01-03"	"Home"	"NOP"	"L"	98	108	38	84	0.452	7	32	0.219	15	17	0.882	6	36	23	12	1	14	21	41	82	0.5	14	30	0.467	12	12	1	7	42	23	8	2	20	18	"2018"	0
"9796"	38119	"WAS"	38	"2018-01-03"	"Home"	"NYK"	"W"	121	103	48	81	0.593	9	23	0.391	16	26	0.615	6	42	27	9	5	12	21	41	86	0.477	7	19	0.368	14	18	0.778	8	36	19	7	5	14	20	"2018"	1
